# logGnu logA ns theta_MC_100 ombh2 omch2 tau A_planck
2.083333333333333037e+00 0.000000000000000000e+00 0.000000000000000000e+00 0.000000000000000000e+00 0.000000000000000000e+00 0.000000000000000000e+00 0.000000000000000000e+00 0.000000000000000000e+00
0.000000000000000000e+00 2.001258000000000008e-04 1.351106600000000045e-05 7.406999100000000526e-07 4.972217399999999605e-07 -4.149794600000000379e-06 9.535355400000000215e-05 8.946185699999999370e-06
0.000000000000000000e+00 1.351106600000000045e-05 1.725162400000000164e-05 4.126939200000000038e-07 2.377325599999999941e-07 -3.276427499999999896e-06 1.051070799999999938e-05 7.336767000000000359e-07
0.000000000000000000e+00 7.406999100000000526e-07 4.126939200000000038e-07 9.714136300000000267e-08 1.763229900000000134e-08 -1.260297900000000035e-07 4.296459399999999756e-07 3.676484999999999718e-08
0.000000000000000000e+00 4.972217399999999605e-07 2.377325599999999941e-07 1.763229900000000134e-08 2.123851700000000068e-08 -9.029657200000000039e-08 2.961276400000000075e-07 1.536758499999999910e-08
0.000000000000000000e+00 -4.149794600000000379e-06 -3.276427499999999896e-06 -1.260297900000000035e-07 -9.029657200000000039e-08 1.387942699999999973e-06 -3.409548599999999826e-06 -2.582289899999999925e-07
0.000000000000000000e+00 9.535355400000000215e-05 1.051070799999999938e-05 4.296459399999999756e-07 2.961276400000000075e-07 -3.409548599999999826e-06 5.334329099999999668e-05 -1.215891899999999921e-06
0.000000000000000000e+00 8.946185699999999370e-06 7.336767000000000359e-07 3.676484999999999718e-08 1.536758499999999910e-08 -2.582289899999999925e-07 -1.215891899999999921e-06 5.978521600000000022e-06
